image_width: 640
image_height: 480
camera_name: cam1
camera_matrix:
  rows: 3
  cols: 3
  data: [359.372442576, 0.0, 321.874268289, 0.0, 360.034693799, 257.71711902, 0.0, 0.0, 1.0]
distortion_model: equidistant
distortion_coefficients:
  rows: 1
  cols: 4
  data: [-0.0325877339097, 0.0278749660972, -0.0281852880692, 0.00666596604346]
